# transform file transforms/talairach_with_skull_2.lta
# created by fsuser on Mon Nov  7 02:43:40 2016

type      = 0
nxforms   = 1
mean      = 128.0000 128.0000 125.0000
sigma     = 10000.0000
1 4 4
9.895856380462646e-01 -3.411978483200073e-02 -9.099914133548737e-02 1.296537113189697e+01 
3.595764189958572e-02 1.338979244232178e+00 -2.331338375806808e-01 -2.744050598144531e+01 
1.037480980157852e-01 2.449010312557220e-01 1.055127382278442e+00 -7.011364746093750e+01 
0.000000000000000e+00 0.000000000000000e+00 0.000000000000000e+00 1.000000000000000e+00 
src volume info
valid = 1  # volume info valid
filename = nu_noneck.mgz
volume = 256 256 256
voxelsize = 1.000000000000000e+00 1.000000000000000e+00 1.000000000000000e+00
xras   = -1.000000000000000e+00 0.000000000000000e+00 0.000000000000000e+00
yras   = 0.000000000000000e+00 0.000000000000000e+00 -1.000000000000000e+00
zras   = 0.000000000000000e+00 1.000000000000000e+00 0.000000000000000e+00
cras   = 2.224319458007812e+01 2.981719970703125e+01 -9.725982666015625e+00
dst volume info
valid = 1  # volume info valid
filename = /usr/local/freesurfer/average/RB_all_withskull_2008-03-26.gca
volume = 256 256 256
voxelsize = 1.000000000000000e+00 1.000000000000000e+00 1.000000000000000e+00
xras   = -1.000000000000000e+00 0.000000000000000e+00 0.000000000000000e+00
yras   = 0.000000000000000e+00 0.000000000000000e+00 -1.000000000000000e+00
zras   = 0.000000000000000e+00 1.000000000000000e+00 0.000000000000000e+00
cras   = 0.000000000000000e+00 0.000000000000000e+00 0.000000000000000e+00
fscale 0.150000
