# transform file /usr/local/freesurfer/subjects/S2_Demo/mri/transforms/cc_up.lta
# created by fsuser on Mon Nov  7 03:22:31 2016

type      = 0
nxforms   = 1
mean      = 128.0000 129.0000 125.0000
sigma     = 10000.0000
1 4 4
9.943620562553406e-01 -2.797027118504047e-02 -1.022839844226837e-01 1.507248878479004e+01 
2.782346308231354e-02 9.996088147163391e-01 -2.862030407413840e-03 1.482508182525635e+01 
1.023240163922310e-01 -3.492459932363801e-10 9.947511553764343e-01 -4.467609405517578e+00 
0.000000000000000e+00 0.000000000000000e+00 0.000000000000000e+00 1.000000000000000e+00 
src volume info
valid = 1  # volume info valid
filename = /usr/local/freesurfer/subjects/S2_Demo/mri/norm.mgz
volume = 256 256 256
voxelsize = 1.000000000000000e+00 1.000000000000000e+00 1.000000000000000e+00
xras   = -1.000000000000000e+00 0.000000000000000e+00 0.000000000000000e+00
yras   = 0.000000000000000e+00 0.000000000000000e+00 -1.000000000000000e+00
zras   = 0.000000000000000e+00 1.000000000000000e+00 0.000000000000000e+00
cras   = 2.224319458007812e+01 2.981719970703125e+01 -9.725982666015625e+00
dst volume info
valid = 1  # volume info valid
filename = /usr/local/freesurfer/subjects/S2_Demo/mri/norm.mgz
volume = 256 256 256
voxelsize = 1.000000000000000e+00 1.000000000000000e+00 1.000000000000000e+00
xras   = -1.000000000000000e+00 0.000000000000000e+00 0.000000000000000e+00
yras   = 0.000000000000000e+00 0.000000000000000e+00 -1.000000000000000e+00
zras   = 0.000000000000000e+00 1.000000000000000e+00 0.000000000000000e+00
cras   = 2.224319458007812e+01 2.981719970703125e+01 -9.725982666015625e+00
