# transform file transforms/talairach.lta
# created by fsuser on Sun Nov  6 03:40:10 2016

type      = 0
nxforms   = 1
mean      = 128.0000 128.0000 125.0000
sigma     = 10000.0000
1 4 4
9.891084432601929e-01 -1.207707971334457e-01 -8.204070478677750e-02 2.321367263793945e+01 
9.447611868381500e-02 1.110015749931335e+00 -1.052982881665230e-01 -2.325407409667969e+01 
9.498450905084610e-02 1.128064990043640e-01 1.030934095382690e+00 -4.854462432861328e+01 
0.000000000000000e+00 0.000000000000000e+00 0.000000000000000e+00 1.000000000000000e+00 
src volume info
valid = 1  # volume info valid
filename = nu.mgz
volume = 256 256 256
voxelsize = 1.000000000000000e+00 1.000000000000000e+00 1.000000000000000e+00
xras   = -1.000000000000000e+00 0.000000000000000e+00 0.000000000000000e+00
yras   = 0.000000000000000e+00 0.000000000000000e+00 -1.000000000000000e+00
zras   = 0.000000000000000e+00 1.000000000000000e+00 0.000000000000000e+00
cras   = 2.224319458007812e+01 2.981719970703125e+01 -9.725982666015625e+00
dst volume info
valid = 1  # volume info valid
filename = /usr/local/freesurfer/average/RB_all_2008-03-26.gca
volume = 256 256 256
voxelsize = 1.000000000000000e+00 1.000000000000000e+00 1.000000000000000e+00
xras   = -1.000000000000000e+00 0.000000000000000e+00 0.000000000000000e+00
yras   = 0.000000000000000e+00 0.000000000000000e+00 -1.000000000000000e+00
zras   = 0.000000000000000e+00 1.000000000000000e+00 0.000000000000000e+00
cras   = 0.000000000000000e+00 0.000000000000000e+00 0.000000000000000e+00
