# transform file transforms/talairach_with_skull.lta
# created by fsuser on Sun Nov  6 03:10:25 2016

type      = 0
nxforms   = 1
mean      = 132.0000 130.0000 128.0000
sigma     = 10000.0000
1 4 4
1.047366738319397e+00 -9.699791669845581e-02 -9.354680776596069e-02 1.471128559112549e+01 
6.122656539082527e-02 1.256880521774292e+00 -2.238189727067947e-01 -2.025514221191406e+01 
8.630953729152679e-02 2.028255909681320e-01 1.124843001365662e+00 -7.226845550537109e+01 
0.000000000000000e+00 0.000000000000000e+00 0.000000000000000e+00 1.000000000000000e+00 
src volume info
valid = 1  # volume info valid
filename = nu.mgz
volume = 256 256 256
voxelsize = 1.000000000000000e+00 1.000000000000000e+00 1.000000000000000e+00
xras   = -1.000000000000000e+00 0.000000000000000e+00 0.000000000000000e+00
yras   = 0.000000000000000e+00 0.000000000000000e+00 -1.000000000000000e+00
zras   = 0.000000000000000e+00 1.000000000000000e+00 0.000000000000000e+00
cras   = 2.224319458007812e+01 2.981719970703125e+01 -9.725982666015625e+00
dst volume info
valid = 1  # volume info valid
filename = /usr/local/freesurfer/average/RB_all_withskull_2008-03-26.gca
volume = 256 256 256
voxelsize = 1.000000000000000e+00 1.000000000000000e+00 1.000000000000000e+00
xras   = -1.000000000000000e+00 0.000000000000000e+00 0.000000000000000e+00
yras   = 0.000000000000000e+00 0.000000000000000e+00 -1.000000000000000e+00
zras   = 0.000000000000000e+00 1.000000000000000e+00 0.000000000000000e+00
cras   = 0.000000000000000e+00 0.000000000000000e+00 0.000000000000000e+00
